%YAML:1.0

#--------------------------------------------------------------------------------------------
# Camera Parameters. Adjust them!
#--------------------------------------------------------------------------------------------

# Camera calibration and distortion parameters (OpenCV) 
Camera.fx: 581.6710960956224
Camera.fy: 581.6710960956224
Camera.cx: 315.8049583435059
Camera.cy: 240.7086029052734

Camera.k1: 0.0
Camera.k2: 0.0
Camera.p1: 0.0
Camera.p2: 0.0

Camera.width: 640
Camera.height: 480

# Camera frames per second 
Camera.fps: 20.0

# stereo baseline times fx
Camera.bf: 40.73733765391231

# Color order of the images (0: BGR, 1: RGB. It is ignored if images are grayscale)
Camera.RGB: 1

# Close/Far threshold. Baseline times.
ThDepth: 35

#--------------------------------------------------------------------------------------------
# Stereo Rectification. Only if you need to pre-rectify the images.
# Camera.fx, .fy, etc must be the same as in LEFT.P
#--------------------------------------------------------------------------------------------
LEFT.height: 480
LEFT.width: 640
LEFT.D: !!opencv-matrix
   rows: 1
   cols: 5
   dt: d
   data: [-0.003777230084702214, 0.01958350955976363, 0.0003375143741511872, 0.0004966888331055162, 0.0]
LEFT.K: !!opencv-matrix
   rows: 3
   cols: 3
   dt: d
   data: [583.8187907262591, 0.0, 321.09000944385986, 0.0, 584.0767693035398, 240.67927820935245, 0.0, 0.0, 1.0]
LEFT.R:  !!opencv-matrix
   rows: 3
   cols: 3
   dt: d
   data: [0.9999678899560626, 0.001766986720256582, 0.007816445147918571,
         -0.001770065100062134, 0.9999983585747146, 0.0003869333510142195,
          -0.007815748611714997, -0.0004007565433301989, 0.9999693762650091]
LEFT.P:  !!opencv-matrix
   rows: 3
   cols: 4
   dt: d
   data: [581.6710960956224, 0, 315.8049583435059, 0, 0, 581.6710960956224, 240.7086029052734, 0, 0, 0, 1, 0]

RIGHT.height: 480
RIGHT.width: 640
RIGHT.D: !!opencv-matrix
   rows: 1
   cols: 5
   dt: d
   data: [-0.008597078347031816, 0.028371743317948575, 0.0007649899641155299, 0.002566501113009985, 0.0]
RIGHT.K: !!opencv-matrix
   rows: 3
   cols: 3
   dt: d
   data: [583.9731693885827, 0.0, 322.7702873341059, 0.0, 584.026353742321, 240.23573636793614, 0.0, 0.0, 1]
RIGHT.R:  !!opencv-matrix
   rows: 3
   cols: 3
   dt: d
   data:  [0.9999400190251048, 0.001875823050737606, 0.01079072008512247,
          -0.001871572936819879, 0.9999981670170305, -0.0004039521274734159,
          -0.01079145804862843, 0.0003837322783508846, 0.9999416968917354]
RIGHT.P:  !!opencv-matrix
   rows: 3
   cols: 4
   dt: d
   data: [581.6710960956224, 0, 315.8049583435059, -40.73733765391231,
          0, 581.6710960956224, 240.7086029052734, 0,
          0, 0, 1, 0]

# Transform from right camrea to left camera in right camera's frame
T_CAM1_CAM0: !!opencv-matrix
   rows: 4
   cols: 4
   dt: d
   data: [0.9999955670363582, -0.0001003643826780468, -0.0029758754379719597, -0.07003080342501439,
          0.00010270180739316238, 0.9999996863659522, 0.0007853154367972154, -0.00013137327522352364,
          0.0029757956869370795, -0.0007856175833084938, 0.9999952637113045, -0.0007557281264057756,
          0.0, 0.0, 0.0, 1.0]


# Transform from left camera to imu in left camera's frame
T_CAM0_IMU: !!opencv-matrix
   rows: 4
   cols: 4
   dt: d
   data: [0.9999879685738874, -0.003906896340924467, -0.0029662886663317134, -0.03181831279300285,
         0.003941324516039035, 0.9999238934377576, 0.011690735363358372, -0.013404390946525312,
         0.002920388421084878, -0.011702285813381903, 0.9999272612736452, 0.006883672739739296,
         0.0, 0.0, 0.0, 1.0]

# Transform from vicon to imu with respect to imu
T_CAM0_BODY: !!opencv-matrix
   rows: 4
   cols: 4
   dt: d 
   data: [0.12732506442591898, 0.991586481802872, -0.023336175237996415, 0.0415927456975623,
          0.44583095055721167, -0.03619848728574934, 0.8943849467893994, 0.043923407235243205,
          0.8860152885216988, -0.12428161016025796, -0.44668891846763453, -0.08324710579780899,
          0.0, 0.0, 0.0, 1.0]

#--------------------------------------------------------------------------------------------
# ORB Parameters
#--------------------------------------------------------------------------------------------

# ORB Extractor: Number of features per image
ORBextractor.nFeatures: 1200

# ORB Extractor: Scale factor between levels in the scale pyramid   
ORBextractor.scaleFactor: 1.2

# ORB Extractor: Number of levels in the scale pyramid  
ORBextractor.nLevels: 8

# ORB Extractor: Fast threshold
# Image is divided in a grid. At each cell FAST are extracted imposing a minimum response.
# Firstly we impose iniThFAST. If no corners are detected we impose a lower value minThFAST
# You can lower these values if your images have low contrast     
ORBextractor.iniThFAST: 20
ORBextractor.minThFAST: 7

#--------------------------------------------------------------------------------------------
# Viewer Parameters
#--------------------------------------------------------------------------------------------
Viewer.KeyFrameSize: 0.05
Viewer.KeyFrameLineWidth: 1
Viewer.GraphLineWidth: 0.9
Viewer.PointSize: 2
Viewer.CameraSize: 0.08
Viewer.CameraLineWidth: 3
Viewer.ViewpointX: 0
Viewer.ViewpointY: -0.7
Viewer.ViewpointZ: -1.8
Viewer.ViewpointF: 500

